

2012

57	(FactionalizedElites(<8.2;10>) & Rufugees(<8.18;10>)  ->  FactionalizedElites(<6.4;8.2)) & Rufugees(<2.72;4.54))) >÷< (Total(Alert)  ->  Total(Warning))	0.84	-0.0823529412	0.4395313681	0.404494382	4.5552749361	0.9066666667	3.8716049383	1.7578947368	8.1620507665	1.1029411765	3.8716049383	1.7578947368	8.1620507665	16	4	7	151	20	178	0.8	0.5925925926	0.9382022472	0.0898876404	0.6956521739	5.1913043478	6.1913043478	0.9568255047	0.1329533234	0.0509470034	0.9727695819	0.9999959056	0.0000282539	0	90.1035766151	0.7727272727	0.7727272727	0.0873821777	0.052152413	0.0032403233	15	2	81	80	17	178	0.8823529412	0.1530612245	0.5337078652	0.0842696629	0.15625	0.6360294118	1.6360294118	0.7617971888	0.5182147509	1	0	1	0	0.00212983	8.9013284529	0.8421052632	0.8421052632	0.0815364915	0.2662040192	0.0581289434	
49	(FactionalizedElites(<8.2;10>) & SecurityApparatus(<8.2;10>) & StateLegitimacy(<8.08;9.9>)  ->  FactionalizedElites(<6.4;8.2)) & SecurityApparatus(<4.6;6.4)) & StateLegitimacy(<6.26;8.08))) >÷< (Total(Alert)  ->  Total(Warning))	0.82	-0.0909090909	0.4152236652	0.3876404494	4.3789113966	0.8947368421	3.1635338346	1.7040816327	8.2820951729	1.1176470588	3.1635338346	1.7040816327	8.2820951729	17	5	6	150	22	178	0.7727272727	0.6071428571	0.9382022472	0.095505618	0.7391304348	4.9802371542	5.9802371542	0.9817840189	0.0621336713	0.0509470034	0.9727695819	0.9999934897	0.0000423232	0	92.3877244775	0.75	0.75	0.0866025404	0.0226077763	0.0007535111	19	3	77	79	22	178	0.8636363636	0.1919191919	0.5505617978	0.106741573	0.1979166667	0.6013257576	1.6013257576	0.8280721029	0.3799590616	1	0	1	0	0.0007754235	10.6266182581	0.8333333333	0.8333333333	0.0745355992	0.192731049	0.0258145198	
22	(Economic_Inequality(<7.54;9.1>) & FactionalizedElites(<8.2;10>)  ->  Economic_Inequality(<5.98;7.54)) & FactionalizedElites(<6.4;8.2))) >÷< (Total(Alert)  ->  Total(Warning))	0.82	-0.275862069	0.3753360215	0.3202247191	3.7500312344	0.724137931	2.2424916574	1.5135135135	5.3902804695	1.380952381	2.2424916574	1.5135135135	5.3902804695	21	8	2	147	29	178	0.724137931	0.6774193548	0.9438202247	0.1179775281	0.9130434783	4.604197901	5.604197901	0.9984498132	0.0062466085	0.0272304181	0.9867454268	0.9998743944	0.0006109025	0	108.9772475529	0.7096774194	0.7096774194	0.0802409223	0.0020198357	0.0000106781	29	0	67	82	29	178	1	0.3020833333	0.6235955056	0.1629213483	0.3020833333	0.8541666667	1.8541666667	0.047101287	1	1	0	1	0	0.0000000017	29.5920022371	0.9677419355	0.9677419355	0.0312337367	0.9576095288	0.7853613742	
	2.0588235294	1.9692307692	1.5567010309	3.4535436173	12	16	11	139	28	178	0.4285714286	0.3076923077	0.8483146067	0.0674157303	0.5217391304	2.3167701863	3.3167701863	0.9999999999	0	0.9891012997	0.0190760329	1	0	0.0000099315	26.4635939358	0.4333333333	0.4333333333	0.0890008256	0	0	15	2	79	82	17	178	0.8823529412	0.15625	0.5449438202	0.0842696629	0.1595744681	0.6708385482	1.6708385482	0.7617971888	0.5182147509	1	0	1	0	0.0015790878	9.4651529437	0.8421052632	0.8421052632	0.0815364915	0.2662040192	0.0581289434


2013

96	(Economic_Inequality(<8.2;10>) & Factionalized(<8.2;10>)  ->  Economic_Inequality(<6.4;8.2)) & Factionalized(<4.6;6.4))) >÷< (Status(Alert)  ->  Status(Warning))	0.81	-0.0761904762	0.3526315789	0.3854748603	5.1967210095	0.9183673469	3.3928571429	1.7040816327	7.6855626126	1.0888888889	3.3928571429	1.7040816327	7.6855626126	12	2	10	155	14	179	0.8571428571	0.5	0.9329608939	0.0670391061	0.5454545455	5.974025974	6.974025974	0.8416400187	0.4153708595	0.0839525846	0.9514246551	0.9999999143	0.0000008494	0	75.954649481	0.8125	0.8125	0.0946646558	0.1840610905	0.0362002492	14	1	80	84	15	179	0.9333333333	0.1473684211	0.5474860335	0.0782122905	0.1489361702	0.7773049645	1.7773049645	0.5490430189	0.7941088679	1	0	1	0	0.0006063412	10.9393685196	0.8823529412	0.8823529412	0.0759408499	0.4852719443	0.1892403036	
61	(Factionalized(<8.2;10>) & Security(<8.2;10>) & State(<8.2;10>)  ->  Factionalized(<6.4;8.2)) & Security(<6.4;8.2)) & State(<6.4;8.2))) >÷< (Status(Alert)  ->  Status(Warning))	0.8	-0.1111111111	0.475177305	0.3798882682	5.3280679132	0.8888888889	3.4814814815	1.6601941748	6.8922162805	1.125	3.4814814815	1.6601941748	6.8922162805	16	2	6	155	18	179	0.8888888889	0.6666666667	0.9553072626	0.0893854749	0.7272727273	6.2323232323	7.2323232323	0.7337959948	0.5497160941	0.00545719	0.9978837556	0.999678735	0.0016841076	0	108.9237606911	0.85	0.85	0.0779193722	0.2945552241	0.0665463671	18	0	76	85	18	179	1	0.1914893617	0.5754189944	0.1005586592	0.1914893617	0.9042553191	1.9042553191	0.1500946353	1	1	0	1	0	0.0000039222	18.0963393683	0.95	0.95	0.0475594866	0.8649150657	0.6226464389
30	(Factionalized(<8.2;10>) & Refugees(<8.2;10>)  ->  Factionalized(<6.4;8.2)) & Refugees(<4.6;6.4))) >÷< (Status(Alert)  ->  Status(Warning))	0.8	-0.2173913043	0.4007092199	0.3351955307	4.4633336137	0.7826086957	2.5066666667	1.5454545455	5.9359218786	1.2777777778	2.5066666667	1.5454545455	5.9359218786	18	5	4	152	23	179	0.7826086957	0.6666666667	0.9497206704	0.1005586592	0.8181818182	5.3675889328	6.3675889328	0.9773922499	0.0731130939	0.0125102974	0.99454281	0.9998310527	0.0008724146	0	106.5461581712	0.76	0.76	0.0837578929	0.0276583148	0.0009623531	25	0	69	85	25	179	1	0.2659574468	0.6145251397	0.1396648045	0.2659574468	0.9042553191	1.9042553191	0.0717897988	1	1	0	1	0	0.0000000176	26.2762503454	0.962962963	0.962962963	0.0356897819	0.9353896796	0.7364800014



2014

28	(Factionalized_Elites(<8.2;10>) & Refugees(<8.2;10>)  ->  Factionalized_Elites(<6.4;8.2)) & Refugees(<6.4;8.2))) >÷< (Status(Alert)  ->  Status(Warning))	0.81	-0.1873684211	0.4656987296	0.3764044944	4.0877861629	0.8022222222	3.4578544061	1.6633663366	6.1486502729	1.2465373961	3.4578544061	1.6633663366	6.1486502729	19	6	4	149	25	178	0.76	0.6551724138	0.9438202247	0.106741573	0.8260869565	4.8817391304	5.8817391304	0.9905236393	0.0333999446	0.0272304181	0.9867454268	0.9999379797	0.000332596	0	102.8522635279	0.7407407407	0.7407407407	0.0828173325	0.0118687392	0.0002209641	18	1	76	83	19	178	0.9473684211	0.1894736842	0.5674157303	0.1011235955	0.1914893617	0.7939529675	1.7939529675	0.4202649788	0.8649148282	1	0	1	0	0.0000455698	15.0042606181	0.9047619048	0.9047619048	0.0625836896	0.6082526377 	0.2641603975	
54	(Factionalized_Elites(<8.2;10>) & Security_Apparatus(<8.2;10>) & State_Legitamacy(<8.2;10>)  ->  Factionalized_Elites(<6.4;8.2)) & Security_Apparatus(<4.6;6.4)) & State_Legitamacy(<6.4;8.2))) >÷< (Status(Alert)  ->  Status(Warning))	0.8	0	0.4504361618	0.3988764045	4.9225376114	1	3.7307692308	1.7319587629	9.2783918775	1	3.7307692308	1.7319587629	9.2783918775	16	3	7	152	19	178	0.8421052632	0.6153846154	0.9438202247	0.0898876404	0.6956521739	5.5171624714	6.5171624714	0.8850024422	0.2945552141	0.0272304181	0.9867454268	0.9999815889	0.0001168386	0	96.0736219071	0.8095238095	0.8095238095	0.0837189593	0.13295336	0.0159015356	16	3	78	81	19	178	0.8421052632	0.1649484536	0.5449438202	0.0898876404	0.170212766	0.59462486	1.59462486	0.8850024422	0.2945552141	1	0	1	0	0.002981476	8.4161054986	0.8095238095	0.8095238095	0.0837189593	0.13295336	0.0159015356
18	(Economic_Inequality(<6.4;8.2)) & Factionalized_Elites(<8.2;10>)  ->  Economic_Inequality(<4.6;6.4)) & Factionalized_Elites(<6.4;8.2))) >÷< (Status(Alert)  ->  Status(Warning))	0.8	-0.4537815126	0.1514423077	0.3033707865	1.6459316382	0.4857142857	1.9692307692	1.5567010309	3.4535436173


2015

36	(FactionalizedElites(<8.2;10>) & Refugees(<8.2;10>)  ->  FactionalizedElites(<6.4;8.2)) & Refugees(<4.6;6.4))) >÷< (Status(Alert)  ->  Status(Warning))	0.74	-0.1212814645	0.4551724138	0.3483146067	3.9870022883	0.8719806763	3.275862069	1.5849056604	5.4560613811	1.1468144044	3.275862069	1.5849056604	5.4560613811	19	4	6	149	23	178	0.8260869565	0.6551724138	0.9438202247	0.106741573	0.76	4.8817391304	5.8817391304	0.9268869061	0.1927310135	0.0272304181	0.9867454268	0.9999379797	0.000332596	0	102.8522635279	0.8	0.8	0.0784464541	0.0850749311	0.0059745569	18	1	71	88	19	178	0.9473684211	0.2	0.595505618	0.1011235955	0.202247191	0.8947368421	1.8947368421	0.4202649788	0.8649148282	1	0	1	0	0.0000161632	17.0281363787	0.9047619048	0.9047619048	0.0625836896	0.6082526377	0.2641603975	
46	(FactionalizedElites(<8.2;10>) & SecurityApparatus(<8.2;10>) & StateLegitimacy(<8;10>)  ->  FactionalizedElites(<6.4;8.2)) & SecurityApparatus(<6.4;8.2)) & StateLegitimacy(<6;8))) >÷< (Status(Alert)  ->  Status(Warning))	0.72	-0.1378446115	0.3862068966	0.3370786517	3.8690726817	0.8544973545	2.9310344828	1.5660377358	5.3242577031	1.1702786378	2.9310344828	1.5660377358	5.3242577031	17	4	8	149	21	178	0.8095238095	0.5862068966	0.9325842697	0.095505618	0.68	4.7638095238	5.7638095238	0.9478476219	0.1519653106	0.0876198714	0.9490529966	0.9999985632	0.0000100916	0	88.2870486737	0.7826086957	0.7826086957	0.0841952901	0.06213371	0.0040223398	18	1	71	88	19	178	0.9473684211	0.2	0.595505618	0.1011235955	0.202247191	0.8947368421	1.8947368421	0.4202649788	0.8649148282	1	0	1	0	0.0000161632	17.0281363787	0.9047619048	0.9047619048	0.0625836896	0.6082526377	0.2641603975	
39	(Economic_Inequality(<6.4;8.2)) & FactionalizedElites(<8.2;10>)  ->  Economic_Inequality(<4.6;6.4)) & FactionalizedElites(<6.4;8.2))) >÷< (Status(Alert)  ->  Status(Warning))	0.72	-0.4045454545	0.1317460317	0.2696629213	1.9836363636	0.5741626794	1.6240601504	1.4485981308	3.204040404	1.7416666667	1.6240601504	1.4485981308	3.204040404	12	10	13	143	22	178	0.5454545455	0.3428571429	0.8707865169	0.0674157303	0.48	2.8836363636	3.8836363636	0.9999975401	0.0000207231	0.9186450847	0.1220631835	1	0	0.0000010783	34.1073242226	0.5416666667	0.5416666667	0.0996521729	0.0000042863	0.0000000038	19	1	70	88	20	178	0.95	0.2111111111	0.6011235955	0.106741573	0.2134831461	0.9	1.9	0.3917469981	0.8784233454	1	0	1	0	0.000007578	18.2506329114	0.9090909091	0.9090909091	0.0599436794	0.6352696337	0.2830280677	